[01, 10, 22]
----------------
[00, 12, 21]
----------------
[02, 10, 21]
----------------
[00, 11, 22]
----------------
[00, 12, 21]
----------------
[00, 12, 21]
----------------
[02, 11, 20]
----------------
[02, 10, 21]
----------------
[00, 11, 22]
[02, 11, 20]
----------------
[00, 12, 21]
[01, 12, 20]
[02, 11, 20]
----------------
[02, 11, 20]
----------------
[01, 10, 22]
[02, 11, 20]
----------------
[00, 11, 22]
----------------
[01, 12, 20]
----------------
[02, 10, 21]
[01, 12, 20]
----------------
[00, 11, 22]
[00, 12, 21]
----------------
[02, 10, 21]
----------------
[00, 11, 22]
----------------
[02, 10, 21]
----------------
[01, 10, 22]
----------------
[00, 12, 21]
[01, 12, 20]
----------------
[02, 11, 20]
----------------
[01, 10, 22]
----------------
[02, 10, 21]
[01, 12, 20]
----------------
[02, 10, 21]
----------------
[00, 11, 22]
----------------
[02, 10, 21]
----------------
[00, 11, 22]
----------------
[00, 12, 21]
----------------
[02, 10, 21]
----------------
[02, 11, 20]
----------------
[02, 10, 21]
----------------
[02, 11, 20]
----------------
[01, 10, 22]
[02, 10, 21]
----------------
[01, 10, 22]
----------------
[00, 12, 21]
----------------
[02, 11, 20]
----------------
[01, 10, 22]
----------------
[00, 12, 21]
----------------
[00, 12, 21]
----------------
[02, 11, 20]
----------------
[01, 10, 22]
----------------
[01, 10, 22]
----------------
[00, 12, 21]
[02, 11, 20]
----------------
[02, 11, 20]
----------------
[01, 10, 22]
----------------
[00, 11, 22]
[02, 11, 20]
----------------
[01, 12, 20]
----------------
[01, 10, 22]
----------------
[01, 12, 20]
[02, 11, 20]
----------------
[02, 10, 21]
----------------
[00, 11, 22]
----------------
[02, 10, 21]
----------------
[01, 10, 22]
[02, 10, 21]
----------------
[00, 11, 22]
----------------
[02, 10, 21]
----------------
[02, 11, 20]
----------------
[01, 10, 22]
[02, 10, 21]
----------------
[01, 10, 22]
----------------
[00, 12, 21]
----------------
[02, 10, 21]
----------------
[00, 11, 22]
----------------
[02, 10, 21]
----------------
[01, 10, 22]
----------------
[00, 12, 21]
----------------
[02, 10, 21]
----------------
[02, 11, 20]
----------------
[02, 10, 21]
----------------
[00, 11, 22]
----------------
[00, 12, 21]
----------------
[02, 11, 20]
----------------
[01, 10, 22]
----------------
[00, 12, 21]
----------------
[02, 10, 21]
----------------
[02, 11, 20]
----------------
[01, 10, 22]
[02, 10, 21]
----------------
[01, 12, 20]
----------------
[02, 10, 21]
----------------
[02, 10, 21]
----------------
[02, 10, 21]
----------------
[01, 12, 20]
----------------
[01, 12, 20]
----------------
[01, 12, 20]
----------------
[02, 10, 21]
----------------
[02, 10, 21]
----------------
[00, 11, 22]
----------------
[02, 10, 21]
----------------
[02, 10, 21]
[00, 12, 21]
----------------
[00, 11, 22]
----------------
[02, 10, 21]
----------------
[02, 11, 20]
----------------
[02, 10, 21]
----------------
[01, 12, 20]
[02, 11, 20]
----------------
[02, 11, 20]
----------------
[01, 10, 22]
----------------
[00, 12, 21]
----------------
[02, 10, 21]
----------------
[00, 11, 22]
----------------
[02, 10, 21]
----------------
[00, 12, 21]
----------------
